
##### Mapuches in Coipuco, Chile (1968-70) ####

##### I. Kindship and intensity of it ####

kin <- matrix(c(0,1,1,2,2,1,0,2,2,2,3,0,0,0,1,2,1,0,0,0,0,0,2,0,0,0,0,0,
                 1,0,1,0,0,2,2,2,2,2,3,0,0,0,2,1,1,0,0,2,2,0,2,2,2,0,2,0,
                 1,1,0,0,3,2,2,2,2,2,3,0,0,3,2,3,3,2,0,0,0,0,2,2,2,3,3,0,
                 2,0,2,0,1,3,3,3,3,3,1,1,3,1,3,3,3,3,3,2,2,3,2,1,1,1,1,1,
                 2,0,3,1,0,1,0,3,0,3,1,1,0,1,2,2,2,0,0,0,0,0,0,1,1,0,1,0,
                 1,2,2,3,3,0,1,1,1,2,1,1,2,2,2,0,0,0,0,0,0,0,0,0,0,0,0,0,
                 0,2,2,1,0,1,0,1,1,1,1,1,2,2,2,2,3,2,3,3,3,3,3,1,1,3,3,3,
                 2,2,2,3,2,1,1,0,1,1,1,1,3,3,2,2,2,2,3,3,3,3,3,1,1,0,0,1,
                 2,2,2,3,0,1,1,1,0,1,1,1,2,0,2,0,0,0,2,2,2,2,0,1,1,0,1,0,
                 2,2,2,3,3,1,1,1,1,0,1,1,3,2,2,0,0,0,0,0,0,0,0,0,0,0,0,0,
                 3,3,3,2,2,1,1,1,1,1,0,1,0,2,2,2,2,0,1,1,1,1,0,2,2,0,3,1,
                 0,0,0,2,2,1,1,1,1,1,0,0,0,2,2,2,2,0,1,1,1,1,0,2,2,0,3,1,
                 0,0,3,0,0,3,3,0,3,3,0,0,0,3,3,3,3,0,0,0,0,0,0,0,0,0,0,0,
                 0,0,3,1,0,2,2,2,0,2,2,2,2,0,2,2,2,1,0,2,1,3,0,2,2,0,0,2,
                 1,2,2,3,0,2,2,3,2,2,2,2,3,2,0,1,1,1,3,0,0,0,0,2,2,0,3,2,
                 2,1,3,1,1,3,3,1,1,0,2,2,0,2,1,0,1,3,2,0,2,2,0,1,1,3,3,1,
                 1,1,1,3,2,3,3,0,2,2,0,0,3,2,1,1,0,1,3,3,3,3,0,2,2,3,0,2,
                 0,0,3,3,0,0,0,3,3,3,0,0,3,2,2,3,1,0,0,0,0,3,0,0,0,0,0,0,
                 0,2,3,0,3,3,0,3,2,3,0,0,3,0,3,2,3,3,0,1,1,1,0,3,3,3,3,0,
                 0,0,0,0,0,0,0,3,2,0,0,0,0,0,0,0,3,0,1,0,1,1,0,0,0,0,0,0,
                 0,0,0,0,0,0,0,3,2,0,0,0,0,0,0,3,2,3,1,1,0,1,0,0,3,0,0,0,
                 0,0,0,0,0,0,0,3,2,0,0,0,0,0,0,3,2,3,1,1,0,0,0,0,3,0,0,0,
                 2,2,2,0,1,3,3,0,2,3,1,1,0,1,3,3,2,3,1,1,1,1,0,1,1,3,2,0,
                 0,0,0,0,0,0,0,2,3,0,0,0,0,0,0,0,2,0,3,2,0,2,0,0,1,2,0,0,
                 0,2,2,1,1,0,2,0,3,2,0,2,0,2,3,1,2,0,3,3,3,1,0,1,0,0,1,0,
                 0,0,3,0,0,0,3,0,0,0,0,0,0,0,0,3,3,0,3,0,0,0,0,2,0,0,3,0,
                 0,2,3,2,2,0,3,0,3,0,3,3,0,0,3,3,0,0,3,3,0,3,0,1,1,3,0,0,
                 0,0,0,0,0,0,3,1,0,0,1,1,0,2,2,1,2,0,0,0,0,0,0,0,0,0,0,0),
                 byrow=TRUE, ncol=28)

label <- c("MANQUEPI_HUENCHULEO","HUENCHUMAN_CARLOS","HUENCHUAN_MANQUEPI",
            "CAYUL_PAINE","CAYUL_JUAN","TRANAMIL_JUAN",
            "TRANAMIL_DANIEL", "MILLAREAL_ANTONIO", "MILLAREAL_AGUSTIN",
            "MILLAREAL_JULIO", "CURIHUAL_PAINE", "CURIHUAL_JUAN",
            "ALCAPAN_JUAN", "MILLAR_LUIS", "BARRA_CARLOS",
            "CAYUL_CARMEN", "BARRA_AUGUSTINA", "BARRA_SERAFINA",
            "CAYUL_AGUSTIN", "CAYUL_SEGUNDO", "CAYUL_MANUEL",
            "CAYUL_ALARCON", "CAYUL_FRANCISCO", "CAYUL_ANTONIO",
            "CAYUL_COCHE", "CARIQUEO_DOMINGO", "CAYUL_JACINTO",
            "CURIHUAL HIPOLITO")

colnames(kin) <- label
rownames(kin) <- label

reservations <- c("I", "I", "I", "II","II",
                   "II", "II", "II", "II", "II",
                   "II", "II", "III", "III", "III",
                   "IV", "IV", "V", "V", "V",
                   "V", "V", "V", "VI", "VI",
                   "VI", "VI", "VI")

intensity <- matrix(c(0,2,2,2,2,2,3,2,2,2,4,0,0,0,3,2,2,3,0,0,0,3,3,0,0,0,0,0,
                    2,0,1,2,0,2,2,2,2,2,4,0,3,0,2,2,2,0,3,3,2,2,3,3,2,2,2,0,
                    2,1,0,2,2,2,2,2,2,2,4,2,2,2,2,2,2,2,2,0,2,2,3,3,2,2,2,0,
                    2,2,2,0,1,2,2,1,1,3,3,3,2,2,2,1,1,2,2,2,2,3,2,2,2,2,2,2,
                    2,0,2,1,0,3,3,4,0,2,2,2,0,2,3,2,2,0,3,0,2,0,2,2,2,0,2,0,
                    2,2,2,2,2,0,1,2,2,3,2,2,2,2,1,4,4,0,0,0,0,0,0,0,0,0,0,0,
                    2,2,2,2,3,1,0,2,2,2,2,2,2,2,1,4,4,2,2,2,2,2,2,2,2,3,3,3,
                    2,2,2,1,2,2,2,0,1,2,2,2,4,2,2,2,2,2,1,1,1,2,2,3,2,3,3,3,
                    2,2,2,1,4,2,2,1,0,2,2,2,2,0,2,0,0,0,2,2,2,2,2,2,2,3,2,0,
                    2,2,2,3,2,3,2,2,2,0,2,2,2,2,3,0,2,3,2,0,3,2,2,0,0,0,3,0,
                    4,4,4,3,2,2,2,2,2,2,0,1,3,1,3,2,2,0,2,3,2,2,2,3,2,0,3,2,
                    4,0,2,3,2,2,2,2,2,2,1,0,3,1,2,2,0,0,0,0,0,0,2,3,0,0,3,2,
                    0,3,2,2,0,2,2,4,2,2,3,3,0,2,1,2,2,3,2,0,3,2,2,3,3,0,0,0,
                    0,0,2,2,3,2,2,2,2,2,1,1,2,0,2,2,2,2,3,2,2,3,2,3,3,0,0,0,
                    3,2,2,2,3,1,1,2,3,3,2,2,1,2,0,1,1,3,2,3,0,3,2,2,3,0,3,3,
                    2,2,3,2,2,2,2,2,2,3,2,2,2,2,1,0,1,4,2,0,2,2,2,2,2,2,2,3,
                    2,2,3,2,2,2,2,2,2,2,0,0,2,2,1,1,0,2,2,2,2,2,2,2,3,2,3,3,
                    0,0,2,2,0,0,0,0,3,3,0,0,3,2,3,4,2,0,4,0,0,2,2,0,0,0,0,0,
                    3,3,2,2,2,3,3,1,0,2,0,0,2,2,2,2,2,4,0,2,1,1,2,1,1,2,2,0,
                    0,0,0,0,0,0,0,2,2,0,0,0,0,0,0,0,4,0,2,0,1,2,2,0,0,0,0,0,
                    0,0,0,0,0,0,0,1,2,3,0,0,0,0,0,2,2,2,1,1,0,1,2,2,2,2,2,2,
                    3,3,2,2,2,2,0,2,2,2,0,0,2,3,3,2,2,4,1,4,1,0,2,2,2,2,2,0,
                    3,2,2,2,2,2,2,2,2,2,2,2,2,1,0,2,2,2,2,2,2,2,0,2,2,3,2,0,
                    0,0,0,0,0,2,0,0,2,0,0,0,0,0,3,3,2,0,1,2,2,2,2,0,1,2,2,0,
                    0,2,2,2,2,0,2,2,2,0,2,0,3,3,3,2,3,0,1,0,2,2,2,1,0,2,2,3,
                    0,2,2,2,0,0,3,3,3,0,0,0,0,0,0,2,2,0,2,0,2,2,3,2,2,0,1,3,
                    0,0,0,0,3,2,2,2,2,3,3,3,0,0,0,2,2,0,2,2,2,2,2,2,2,1,0,3,
                    0,0,0,2,0,0,3,3,0,0,2,2,0,0,3,3,3,0,0,0,2,0,0,0,3,3,3,0),
                    byrow=TRUE, ncol=28)

colnames(intensity) <- label
rownames(intensity) <- label

kin_mapuche <- list(kin=kin,
                    reservations=reservations,
                    intensity=intensity)

usethis::use_data(kin_mapuche, overwrite = TRUE)

##### II. Daily activities ####

daily_act <- matrix(c(5,0,0,0,0,0,0,1,2,1,1,1,1,1,1,1,1,1,1,1,0,0,0,1,0,0,0,0,0,0,0,
                      5,0,0,0,0,0,0,0,0,0,0,0,0,0,0,0,0,0,0,0,0,0,0,0,0,0,0,0,0,0,0,
                      5,1,0,0,2,2,0,2,0,0,0,2,2,2,0,0,0,0,0,0,0,0,0,0,0,0,0,0,0,0,0,
                      0,2,2,2,2,2,2,1,0,2,2,2,0,0,0,0,2,0,1,0,0,0,2,2,2,2,0,0,0,0,0,
                      4,1,0,1,6,6,0,1,0,0,0,0,0,0,0,0,0,0,0,0,0,0,0,0,0,0,0,0,0,0,0,
                      4,1,0,1,6,6,1,5,0,0,0,0,0,0,0,0,0,0,0,0,0,0,0,0,0,0,0,0,0,0,0,
                      4,0,0,0,0,5,5,5,5,5,5,5,1,5,5,5,5,5,5,5,2,0,0,6,6,6,6,6,6,6,6,
                      4,4,4,4,4,4,1,1,4,4,4,4,4,4,4,4,4,1,3,0,2,3,4,4,4,4,4,4,4,4,1,
                      1,0,0,1,6,6,0,0,0,6,0,0,0,5,0,5,0,0,0,0,0,0,6,0,0,0,2,2,0,0,0,
                      4,1,0,0,5,5,0,1,0,0,0,0,0,0,6,0,6,0,0,0,0,0,6,0,0,5,0,5,0,0,1,
                      0,4,4,2,2,2,0,0,2,2,2,2,2,4,2,0,0,0,0,0,0,1,4,0,0,0,0,0,0,0,0,
                      0,4,4,2,2,2,0,0,0,2,2,2,0,4,0,0,0,0,0,0,0,0,4,0,0,0,0,0,0,0,0,
                      2,0,2,2,0,2,0,0,0,0,0,0,2,2,2,2,2,2,1,0,2,0,6,0,0,0,0,0,0,0,0,
                      0,4,2,2,0,0,6,0,0,0,0,1,5,5,5,5,5,5,1,5,5,2,5,0,2,0,0,0,1,0,6,
                      1,4,0,1,1,2,2,2,0,2,2,1,2,2,2,2,0,5,0,1,0,2,1,2,5,0,0,0,1,0,6,
                      3,2,5,1,0,5,1,3,3,5,2,2,5,2,5,1,3,3,1,1,3,0,2,5,1,1,2,5,0,0,0,
                      0,0,0,0,0,2,1,2,0,5,5,5,5,5,5,5,5,5,1,5,5,0,0,0,1,0,0,0,0,0,2,
                      0,2,2,2,0,0,0,0,0,0,0,0,0,0,0,0,0,0,0,0,0,0,0,0,2,2,2,0,0,0,0,
                      0,0,0,0,0,3,0,0,0,0,0,0,0,5,5,0,5,0,1,0,0,7,7,7,7,7,0,0,0,0,0,
                      3,3,3,6,3,3,1,1,1,1,4,4,4,4,4,4,1,1,2,5,3,3,3,3,3,2,3,4,5,3,2,
                      3,3,3,3,1,1,5,1,3,6,1,6,2,2,0,0,4,5,6,6,0,0,6,2,2,2,1,1,2,2,2,
                      0,4,4,4,4,4,2,2,0,0,0,0,0,2,2,1,1,1,1,0,0,0,0,0,0,0,2,2,2,2,2),
                    byrow=TRUE, ncol=31)

label_day <- c("1", "2", "3", "4", "5", "6", "7", "8", "9", "10", "11",
               "12", "13", "14", "15", "16", "17", "18", "19", "20", "21",
               "22", "23", "24", "25", "26", "27", "28", "29", "30", "31")

